Run 1
true	0.0584525	0.984458	0.626335	0.468062	0.429769	197622414	2	1	99.4844
false	0	0.917698	0.841619	0.641026	0.566216	748955382	2	1	99.4838
false	0.0618684	0.938665	0.100814	0.346225	0.729338	962489455	1	1	99.4136
true	0.0951039	0.813045	0.841576	0.362551	0.733504	1243749772	1	1	99.3418
false	0.0645047	0.893819	0.463988	0.36045	0.690602	1979732794	2	2	99.3358
true	0.0169352	0.647868	0.841576	0.910923	0.727192	2081280415	0	1	99.3306
true	0.0752953	0.871948	0.995058	0.0490374	0.936453	1908848740	2	2	99.329
true	0.0128374	0.355008	0.99562	0.290396	0.37392	1312796592	2	2	99.2924
true	0.0752953	0.661334	0.995058	0.0490374	0.936453	83777137	2	2	99.2555
false	0.124764	0.811433	0.0789743	0.463769	0.842716	1567719750	0	0	99.2239
false	0.0189119	0.615699	0.826705	0.852038	0.503185	1099577509	2	0	99.1982
false	0.0793246	0.127595	0.416342	0.6441	0.869994	1577549578	1	2	99.1666
true	0.0618684	0.705605	0.100814	0.925879	0.422967	1477682997	1	1	99.1523
false	0.00881772	0.177101	0.62907	0.544765	0.729338	962489455	0	1	99.1
true	0.146563	0.0502299	0.535332	0.747234	0.737914	1732659477	1	0	99.0877
true	0.109029	0.0239762	0.561891	0.558858	0.0992715	931663668	0	1	99.0771
false	0.309852	0.784513	0.809078	0.0319801	0.686565	1547381884	2	1	99.0666
true	0.00618422	0.29397	0.849613	0.859739	0.110338	583110205	1	0	99.0592
false	0.146563	0.127595	0.416342	0.6441	0.869994	1732659477	1	2	99.0547
true	0.308928	0.296317	0.859484	0.0537744	0.309155	460617506	2	2	98.8508
false	0.309852	0.811433	0.0789743	0.0528337	0.686565	1388142715	2	0	98.807
false	0.404551	0.682797	0.5143	0.266212	0.117049	375604073	2	0	98.8018
false	0.434252	0.29397	0.974814	0.859739	0.110338	583110205	1	2	98.7514
false	0.434252	0.733335	0.841619	0.641026	0.67754	1337198008	2	1	98.7195
true	0.442793	0.661334	0.667196	0.0222716	0.0962442	83777137	1	0	98.6982
false	0.469443	0.296666	0.800362	0.0279112	0.05064	1701887507	2	2	98.6663
false	0.445311	0.46569	0.843377	0.869428	0.95895	701237970	2	2	98.6479
false	0.492728	0.813045	0.462123	0.470995	0.733504	1243749772	1	1	98.6447
false	0.552237	0.917698	0.422887	0.501999	0.276199	1539439134	2	1	98.641
true	0.492728	0.813045	0.462123	0.470995	0.309155	1243749772	1	2	98.6102
true	0.684509	0.957312	0.95855	0.511704	0.767637	63600283	2	0	98.5721
false	0.552237	0.819124	0.841619	0.682332	0.825309	1539439134	2	1	98.5151
false	0.434252	0.660604	0.974814	0.0551103	0.67754	1337198008	1	2	98.5089
true	0.552237	0.819124	0.422887	0.68918	0.825309	1539439134	2	1	98.4916
true	0.493938	0.382659	0.212514	0.869428	0.95895	701237970	0	2	98.4488
true	0.493938	0.382659	0.212514	0.0791752	0.199662	696164221	0	2	98.4304
false	0.633416	0.936663	0.389505	0.719519	0.945481	1216778227	0	0	98.392
true	0.552237	0.300166	0.422887	0.241549	0.825309	1096297336	0	1	98.3557
true	0.660713	0.296317	0.859484	0.0537744	0.650471	348809849	2	2	98.2745
false	0.43491	0.371816	0.340366	0.499201	0.118505	279366884	1	2	98.2272
true	0.49326	0.483162	0.0236682	0.0816717	0.143875	1589824965	2	1	98.1503
true	0.660713	0.716652	0.81437	0.775216	0.345783	242185060	1	1	98.0893
false	0.629131	0.298406	0.482794	0.0702859	0.423171	1442627085	1	0	98.0712
false	0.637979	0.192294	0.0915974	0.108393	0.82571	60689754	1	2	98.039
true	0.811145	0.692835	0.933984	0.559887	0.839398	2113583305	2	1	98.0046
true	0.629131	0.298406	0.482794	0.197184	0.423171	631847268	1	0	97.9665
false	0.687685	0.2715	0.577613	0.875526	0.380529	1291902046	1	1	97.9292
false	0.742399	0.318262	0.690214	0.391654	0.67754	1337198008	0	2	97.924
false	0.753974	0.992141	0.023676	0.0625129	0.828355	2073068983	1	2	97.8969
true	0.836214	0.941672	0.472202	0.392362	0.928639	1169540944	1	1	97.8897

Run 2
false	0.0905726	0.852268	0.739451	0.360005	0.91597	1	0	1	99.4379
true	0.0691978	0.968759	0.725935	0.132979	0.688083	1341129506	2	1	99.3971
true	0.0691978	0.968759	0.254652	0.465021	0.688083	1341129506	2	1	99.3196
true	0.0464241	0.674628	0.296713	0.919173	0.906473	1294834170	0	2	99.3131
false	0.0899309	0.230426	0.308946	0.778736	0.0108804	2048039209	1	1	99.2479
true	0.0172856	0.234692	0.898155	0.766675	0.476482	831947482	0	1	99.2073
true	0.0691978	0.407166	0.254652	0.465021	0.557657	1341129506	2	1	99.1826
false	0.0586047	0.224878	0.46647	0.96432	0.314808	1496572455	0	1	99.1756
true	0.0192817	0.513817	0.331739	0.851848	0.105983	422913026	0	2	99.1745
false	0.226959	0.16856	0.917554	0.197178	0.810574	271295690	1	1	99.1389
false	0.150491	0.36986	0.970654	0.210811	0.104521	1065437694	2	2	99.1384
false	0.231844	0.306241	0.700135	0.213671	0.628576	2068447764	0	0	99.0746
false	0.226959	0.16856	0.917554	0.197178	0.810574	433958520	2	0	99.0438
true	0.241789	0.489251	0.842934	0.949566	0.71621	24683179	2	2	99.016
false	0.231844	0.58705	0.322638	0.927581	0.628576	749824121	0	1	99.0127
true	0.271029	0.781563	0.460066	0.148494	0.776297	1478103343	2	0	98.9877
true	0.257968	0.0631244	0.118014	0.920363	0.554881	1263497785	0	1	98.9781
true	0.344292	0.652573	0.458364	0.799677	0.481548	79945916	2	1	98.901
false	0.404706	0.521369	0.525394	0.408752	5.56269e-319	1	0	1	98.8907
false	0.322335	0.263061	0.750294	0.0513676	0.194869	1672501303	2	0	98.8528
false	0.335243	0.293168	0.970654	0.210811	0.362366	856101144	2	2	98.8435
false	0.393256	0.0290733	0.758507	0.0055734	0.581668	271295690	1	2	98.8362
false	0.323159	0.402882	0.290488	0.375525	0.815298	1743448493	2	0	98.8233
true	0.500529	0.92985	0.562475	0.0688438	0.272862	1579088742	1	1	98.8211
false	0.412416	0.521369	0.525394	0.408752	0.112727	1502451241	1	1	98.8031
true	0.343012	0.55537	0.657893	0.765687	0.700503	101188184	0	0	98.7991
true	0.343012	0.172845	0.657893	0.387381	0.700503	101188184	0	1	98.7954
true	0.344292	0.652573	0.458364	0.920363	0.481548	79945916	0	1	98.7907
true	0.491757	0.470348	0.322638	0.927581	0.244204	749824121	0	1	98.6324
true	0.419581	0.273547	0.280748	0.823451	0.172779	803076127	0	0	98.5983
true	0.591359	0.92985	0.581972	0.0688438	0.674768	836515998	1	1	98.5836
false	0.527658	0.389227	0.978903	0.318826	0.0762821	1123236277	0	2	98.5735
true	0.491757	0.263061	0.750294	0.0513676	0.244204	1672501303	2	0	98.5372
false	0.592165	0.865195	0.974027	0.857187	0.258451	6658423	1	0	98.5314
false	0.477294	0.140274	0.691599	0.708824	0.722778	1665821517	2	2	98.5039
true	0.491757	0.652573	0.124942	0.927581	0.481548	749824121	0	1	98.4945
true	0.516089	0.273238	0.16164	0.440672	0.211743	545728019	2	1	98.4197
false	0.552595	0.367825	0.133284	0.124051	0.845119	587462007	0	0	98.3982
true	0.582504	0.0841092	0.911473	0.740569	0.826894	1890284074	0	2	98.397
false	0.582851	0.224878	0.46647	0.0784234	0.251664	933255938	0	2	98.3595
false	0.552595	0.234692	0.133284	0.766675	0.845119	587462007	0	0	98.3078
true	0.582851	0.193059	0.209704	0.0784234	0.251664	933255938	1	2	98.2679
true	0.621103	0.293168	0.0170037	0.443171	0.362366	910897322	0	1	98.2343
true	0.621103	0.293168	0.322638	0.443171	0.244204	749824121	0	1	98.2325
true	0.742785	0.968759	0.725935	0.132979	0.688083	1882288252	2	1	98.1404
false	0.591359	0.17424	0.459683	0.193961	0.674768	836515998	0	1	98.1127
true	0.642014	0.284523	0.322638	0.927581	0.193745	1410280384	2	1	98.1107
true	0.642014	0.284523	0.296601	0.622011	0.193745	1410280384	2	2	98.0392
true	0.64138	0.599525	0.392485	0.57897	0.115613	1429629735	0	2	97.9383
true	0.687055	0.544144	0.217215	0.790671	0.165247	1096039251	0	0	97.9262

Run 3
true	0.010314	0.997075	0.350088	0.181259	0.311807	980217709	1	2	99.5207
true	0.13288	0.979618	0.899339	0.261913	0.524965	1307105921	0	1	99.3478
false	0.144584	0.975739	0.586086	0.889318	0.319147	2110188960	2	0	99.3447
false	0.031637	0.72298	0.701898	0.850455	0.13078	406935239	1	2	99.3055
false	0.0225948	0.574296	0.04294	0.563206	0.145719	2040777791	2	0	99.234
false	0.13288	0.83225	0.125385	0.261913	0.524965	818941261	1	0	99.2191
false	0.0788408	0.807063	0.555524	0.343657	0.644324	1351810315	0	1	99.1804
true	0.0788408	0.584875	0.309973	0.858618	0.644324	1351810315	0	1	99.1567
false	0.144584	0.975739	0.615767	0.889318	0.319147	896831260	2	0	99.1442
true	0.146632	0.0435687	0.236752	0.0791049	0.366374	658660104	0	0	99.1232
true	0.360924	0.925534	0.931524	0.618865	0.806211	2113864078	0	0	99.1001
false	0.0769498	0.214648	0.0135984	0.791381	0.738866	1816444792	0	0	99.0934
true	0.35573	0.972044	0.231421	0.0254759	0.459155	183663175	1	1	99.0885
false	0.336801	0.982859	0.245726	0.00270394	0.982802	225783543	0	0	99.0522
true	0.284498	0.259535	0.327714	0.0629371	0.00846577	1500631087	0	2	99.0521
false	0.298115	0.89247	0.227065	0.92719	0.305105	896831260	2	2	99.0478
true	0.247235	0.271487	0.954047	0.551129	0.0875436	2098573354	0	1	99.0395
true	0.324489	0.584875	0.309973	0.858618	0.893295	1209309608	1	0	99.0242
true	0.324202	0.0822642	0.931972	0.900662	0.888168	1927890860	1	1	99.0152
true	0.247235	0.458754	0.954047	0.580012	0.455802	847807933	2	1	98.9975
false	0.270394	0.0231776	0.0588775	0.538903	0.95345	842730508	0	1	98.9787
false	0.472666	0.997075	0.887367	0.181259	0.311807	1310708594	1	2	98.9424
false	0.30842	0.0231776	0.643992	0.655329	0.95345	842730508	0	0	98.9421
false	0.336801	0.525897	0.915876	0.555405	0.982802	1930019870	0	0	98.9236
false	0.341296	0.255964	0.8778	0.0341256	0.247726	852406762	0	0	98.9011
true	0.324202	0.0822642	0.931972	0.38772	0.500353	1927890860	1	2	98.8951
false	0.324202	0.0822642	0.931972	0.800757	0.7129	2079255427	1	2	98.8918
true	0.270394	0.74406	0.0588775	0.45805	0.104984	2114006717	1	1	98.8849
true	0.261117	0.255734	0.228699	0.05045	0.540233	1048474975	0	2	98.8841
false	0.418089	0.965772	0.115038	0.421111	0.456258	1831742508	2	0	98.8762
false	0.456905	0.982859	0.245726	0.00270394	0.127443	475591162	1	1	98.8698
false	0.30842	0.253155	0.643992	0.559215	0.50039	1965975813	0	0	98.8597
true	0.317479	0.0435687	0.236752	0.0791049	0.366374	183663175	1	0	98.8375
false	0.298115	0.574296	0.04294	0.92719	0.305105	2040777791	2	0	98.8284
false	0.336801	0.376243	0.283325	0.555405	0.982802	1930019870	0	0	98.8201
false	0.322805	0.0699603	0.60576	0.377495	0.951229	420504926	2	0	98.7979
true	0.343408	0.396547	0.00129257	0.4511	0.721037	2114006717	1	0	98.7951
false	0.343408	0.396547	0.00129257	0.4511	0.721037	1258785414	1	0	98.771
false	0.487111	0.854104	0.830177	0.567967	0.460274	620475167	0	2	98.7648
false	0.407801	0.487596	0.527558	0.905806	0.0127182	108591419	0	0	98.7385
true	0.412635	0.190554	0.966781	0.893113	0.785022	84222817	1	0	98.7297
true	0.373919	0.452546	0.561493	0.543964	0.270691	421681226	1	1	98.7167
false	0.472666	0.0367753	0.887367	0.723855	0.0684123	1310708594	1	2	98.5996
false	0.407801	0.487596	0.24561	0.905806	0.0127182	108591419	0	1	98.5971
false	0.545347	0.70933	0.32725	0.747988	0.64252	950207870	2	0	98.5958
false	0.456905	0.982859	0.245726	0.4511	0.721037	1258785414	1	0	98.5917
false	0.525122	0.804957	0.101176	0.0218218	0.881906	678224816	0	1	98.591
true	0.490486	0.737933	0.629469	0.421161	0.816774	937444516	0	0	98.5529
false	0.524219	0.83225	0.125385	0.137902	0.173546	818941261	1	0	98.5168
true	0.571423	0.907371	0.310858	0.275093	0.384149	1808562488	2	1	98.5053

Run 4
true	0.0340853	0.9858	0.562106	0.386132	0.499477	1544508635	0	2	99.515
true	0	0.9858	0.562106	0.32797	0.499477	1544508635	2	2	99.4292
false	0.0670755	0.838958	0.899453	0.130872	0.718996	1084165887	1	2	99.3293
true	0.0166158	0.526652	0.964131	0.32797	0.208522	1024356619	2	2	99.3189
false	0.0515218	0.744035	0.464404	0.803797	0.978377	1122619254	0	0	99.248
true	0.0174492	0.330735	0.731229	0.285824	0.347351	845243179	1	0	99.2422
false	0.0281097	0.623283	0.494766	0.152984	0.069232	376863666	0	1	99.2286
true	0.0081417	0.146166	0.821949	0.17344	0.513094	252502091	0	2	99.2263
false	0.167439	0.782619	0.599448	0.444788	0.240545	810510953	2	2	99.223
true	0.0174492	0.330735	0.731229	0.820394	0.347351	553795345	0	0	99.2149
true	0.054522	0.286446	0.976756	0.487529	0.691238	784253785	1	0	99.2071
false	0.0797552	0.677838	0.602774	0.911603	0.0807991	1990380787	1	1	99.2003
true	0.0166158	0.501116	0.719395	0.0536185	0.356929	1199053637	2	1	99.1919
false	0.167439	0.782619	0.404229	0.456839	0.0758055	1669719718	2	1	99.1728
false	0.0400672	0.673509	1e-10	0.180947	0.0871348	1059485491	1	0	99.1721
false	0.101317	0.127343	0.185638	0.477044	0.618784	301714221	0	2	99.1241
true	0.166256	0.330735	0.93207	0.820394	0.347351	553795345	2	0	99.106
true	0.0995663	0.193236	0.0850466	0.880688	0.502327	1042408447	0	2	99.1026
false	0.0400672	0.559993	0.0533461	0.780203	0.0871348	1059485491	2	0	99.0718
true	0.19607	0.801098	0.313783	0.313814	0.227982	642688250	0	1	99.0666
true	0.166256	0.0878385	0.93207	0.80374	0.301373	1058687031	2	2	99.052
true	0.251899	0.104147	0.82072	0.292399	0.183902	1070644982	2	2	99.0399
false	0.426884	0.985492	0.240944	0.362516	0.238545	1313182333	0	1	99.0224
false	0.213535	0.56092	0.482056	0.940083	0.612441	485526982	1	1	99.0156
false	0.0797552	0.370554	0.134825	0.911603	0.0807991	1538015160	1	1	98.9866
true	0.234342	0.0583563	0.446789	0.456839	0.0758055	1669719718	2	1	98.9542
true	0.0995663	0.203296	0.0850466	0.818585	0.0103536	1900204616	2	2	98.9508
false	0.491441	0.954858	0.516426	0.150322	0.911985	554973023	0	1	98.9466
false	0.253053	0.370554	0.134825	0.155704	0.0259863	1538015160	1	1	98.8887
true	0.261528	0.673509	0.091556	0.180947	0.461928	535034976	1	2	98.863
false	0.428985	0.873886	0.0808787	0.727503	0.867423	719144537	0	0	98.8627
true	0.326168	0.581369	0.464866	0.889692	0.775929	1620747174	0	2	98.8516
true	0.309092	0.400363	0.375629	0.0440526	0.890318	1620747174	2	2	98.8121
true	0.428985	0.873886	0.0808787	0.727503	0.867423	294056753	0	2	98.7777
true	0.491441	0.9858	0.516426	0.386132	0.499477	1544508635	0	1	98.7766
true	0.342737	0.024297	0.299728	0.226164	0.643303	900460199	1	0	98.7714
false	0.329727	0.276488	0.384511	0.285824	0.33101	1440867950	1	0	98.7612
true	0.366928	0.295631	0.143491	0.756418	0.838516	1583963927	0	0	98.7577
true	0.309092	0.400363	0.375629	0.0440526	0.890318	504924234	2	2	98.7574
true	0.502432	0.842889	0.123098	0.617431	0.172617	858104323	1	1	98.7146
false	0.404792	0.388441	0.605467	0.411434	0.896719	1656562151	1	1	98.7032
true	0.457925	0.777975	0.455739	0.390198	0.786117	1292581008	2	0	98.6702
true	0.445949	0.680725	0.800195	0.912352	0.942253	1017271869	2	1	98.6246
false	0.489955	0.859495	0.364426	0.250381	0.423757	1178213340	1	2	98.6072
true	0.329727	0.276488	1e-10	0.285824	0.502327	1440867950	2	0	98.6058
false	0.402961	0.324069	0.551556	0.848225	0.713399	913769393	1	0	98.5942
false	0.508278	0.16593	0.775747	0.56076	0.417828	1889558500	2	2	98.5886
true	0.502432	0.842889	0.123098	0.617431	0.172617	858104323	1	0	98.5855
false	0.489955	0.859495	0.482056	1	0.612441	1178213340	1	2	98.5839
false	0.511887	0.645943	0.0533461	0.716355	0.655113	404787397	2	1	98.5632

Run 5
false	0.0425228	0.955309	0.815655	0.00878854	0.949454	1040124137	0	1	99.4841
false	0.0425228	0.955309	0.880029	0.00268357	0.949454	1040124137	0	2	99.4036
true	0	0.353769	0.326719	0.906705	0.540988	1005217951	0	0	99.3038
false	0	0.353769	0.050431	0.906705	0.540988	1005217951	0	0	99.2996
false	0.0191421	0.696501	0.672148	0.796227	0.266846	1353556098	1	1	99.2778
false	0.0229559	0.0899958	0.444612	0.775451	0.126006	1714508946	1	0	99.265
false	0.0132511	0.169711	0.148736	0.0661565	0.405097	81215791	0	1	99.265
true	0.211058	0.863014	0.866375	0.326033	0.985205	1274927422	0	1	99.2648
true	0.0360099	0.628578	0.050431	0.906705	0.552184	550190823	0	2	99.2554
false	0.00334784	0.020867	0.962949	0.485849	0.323896	940374737	1	2	99.2377
false	0.0945748	0.998145	0.111128	0.667218	0.981659	1588506523	0	0	99.2311
true	0.0191421	0.435274	0.552039	0.225731	0.266846	479989683	0	1	99.1999
false	0.0360099	0.353769	0.326719	0.906705	0.540988	1005217951	0	0	99.1947
false	0.0229559	0.48739	0.816061	0.525297	0.126006	1819606544	2	2	99.1735
false	0.122191	0.727309	0.323171	0.274441	0.612713	582385352	0	1	99.1558
false	0.122191	0.610482	0.323171	0.434785	0.486944	582385352	1	0	99.1347
true	0.110995	0.628578	0.050431	0.140261	0.552184	550190823	2	1	99.1091
true	0.280749	0.867598	0.526073	0.0676788	0.88674	477972508	1	2	99.1047
false	0.0132511	0.169711	0.530615	0.121911	0.547563	1877276693	0	1	99.1028
true	0.169307	0.539612	0.621819	0.845441	0.726557	837657452	1	1	99.1016
true	0.110995	0.222536	0.376103	0.140261	0.194266	754730687	2	2	99.082
false	0.255065	0.523104	0.206871	0.110907	0.916479	715936154	1	0	99.0749
false	0.396778	0.78966	0.981147	0.898308	0.287646	1006175408	0	2	99.0736
false	0.186945	0.768245	0.102996	0.619551	0.3283	455993295	2	1	99.0665
true	0.266533	0.126513	0.987169	0.216392	0.747535	1043859748	0	2	99.0646
true	0.110995	0.00485442	0.376103	0.140261	0.695215	754730687	2	1	99.052
false	0.279578	0.487576	0.735217	0.0866589	0.79747	894293820	2	2	99.0378
true	0.187219	0.00431423	0.547974	0.935705	0.486944	787007779	1	2	99.032
false	0.187219	0.141372	0.547974	0.935705	0.486944	787007779	1	2	99.0287
false	0.255065	0.805484	0.155841	0.255962	0.916479	812558034	0	0	99.0221
true	0.160775	0.41469	0.552039	0.20514	0.787357	479989683	0	1	99.0066
true	0.303029	0.474947	0.880029	0.50737	0.0170403	485316146	0	2	98.9854
false	0.279578	0.451902	0.735217	0.961923	0.79747	894293820	2	2	98.9631
false	0.279578	0.487576	0.735217	0.505374	0.79747	894293820	2	2	98.9569
true	0.345573	0.818505	0.618861	0.105656	0.699436	444280141	2	1	98.9436
true	0.570345	0.958151	0.972707	0.210375	0.961498	2133683937	2	0	98.8921
true	0.372667	0.671473	0.436749	0.786867	0.647182	1171087524	0	0	98.8781
false	0.370126	0.451902	0.96664	0.961923	0.214411	1325393902	2	2	98.836
false	0.377852	0.34356	0.114689	0.45877	0.927721	2092631600	0	1	98.7967
true	0.591871	0.889083	0.732435	0.324603	0.912039	1766156272	2	0	98.7468
false	0.396778	0.328999	0.869414	0.898308	0.287646	323310543	0	2	98.7139
false	0.567596	0.78966	0.981147	0.906964	0.359921	1006175408	0	2	98.6451
true	0.570261	0.889083	0.732435	0.324603	0.655186	1819606544	2	0	98.6411
false	0.560055	0.71856	0.869414	0.492053	0.564335	323310543	2	2	98.6195
false	0.567596	0.948023	0.981147	0.906964	0.359921	1006175408	2	2	98.5939
true	0.584161	0.859769	0.397911	0.136758	0.140517	570177315	1	1	98.583
true	0.591871	0.889083	0.550448	0.260458	0.912039	2072618618	2	1	98.4265
true	0.570261	0.48739	0.816061	0.525297	0.308548	1819606544	2	2	98.4203
true	0.542093	0.345964	0.148736	0.260458	0.506739	81215791	1	1	98.4196
true	0.542093	0.345964	0.550448	0.260458	0.506739	2072618618	2	1	98.4178

